0003451
336917183
44203895
364601386
218861142
239476752
174528442
50857586
264263901
67478195
365631076
351270237
66242747
321544730
322966295
30026425
71024658
54044882
349598158
362764394
54805704
61867026
36534682
57097491
55007898
70619751
26178218
28597384
44206578
209769498770704
677416320883783
3466190116976099
1073006777040193
213178775081951
723322963146725
647907457516579
706190054784335
244709198624768
1518354985619897
887708816292435
878843177577060
2394233910783455
328072146666062
1297827667599528
731793885507737
680970214141526
7253936857961209
1439343463313275
370003515497541
656241656698853
3580362182243125
324093517082719
1411289906435915
1265301107499612
1728759554201906
882219223435465
377703651304654
7340883409258162
3773367279584774
1090731482060215
281696994359639
3655338174742970'
632922068824333
1034417051218953
6802736703109296
946611963463225
892613089167699
696415262555337
7009981922412590'
340808785218082
834498091786962
3653540858262020
884513812971331
2081905442163892
849732999963348
366646275948003
2305795879809562
1050096682975278
7173478839400144
274175446606899
994109434422914

365004390
248251408614542
1383384301981316
255285007825071
329738813
815768555514233

1956465990964
215266411

206600054

109217822500223
218066307
147934860
285711664783464
424370387613843
248094163
286224457
125416337592644
